Parsed points for model :
[[0.18889999999999998, 0.8111, 1.0], [1.0, 0.0, 0.0], [0.09040000000000001, 0.8111, 1.1889]]


Final points for :model :
[[-0.0904  0.     -1.1889]
 [-0.0904  0.     -2.    ]
 [-0.0904  0.8111 -1.1889]
 [-0.0904  0.8111 -2.    ]
 [-0.1889  0.     -1.    ]
 [-0.1889  0.     -2.    ]
 [-0.1889  0.8111 -1.    ]
 [-0.1889  0.8111 -2.    ]
 [-1.      0.     -0.    ]
 [-1.      0.     -1.    ]
 [-1.      0.     -1.1889]
 [-1.      0.     -2.    ]
 [-1.      0.8111 -1.    ]
 [-1.      0.8111 -1.1889]
 [-1.      0.8111 -2.    ]]



Parsed points for best :
[[0.1797, 0.8203, 1.0], [1.0, 0.0, 0.0], [0.0742, 0.8203, 1.1797]]


Final points for :best :
[[-0.0742  0.     -1.1797]
 [-0.0742  0.     -2.    ]
 [-0.0742  0.8203 -1.1797]
 [-0.0742  0.8203 -2.    ]
 [-0.1797  0.     -1.    ]
 [-0.1797  0.     -2.    ]
 [-0.1797  0.8203 -1.    ]
 [-0.1797  0.8203 -2.    ]
 [-1.      0.     -0.    ]
 [-1.      0.     -1.    ]
 [-1.      0.     -1.1797]
 [-1.      0.     -2.    ]
 [-1.      0.8203 -1.    ]
 [-1.      0.8203 -1.1797]
 [-1.      0.8203 -2.    ]]



Parsed points for worst :
[[0.1968, 0.8032, 1.0], [1.0, 0.0, 0.0], [0.1255, 0.8032, 1.1968]]


Final points for :worst :
[[-0.1255  0.     -1.1968]
 [-0.1255  0.     -2.    ]
 [-0.1255  0.8032 -1.1968]
 [-0.1255  0.8032 -2.    ]
 [-0.1968  0.     -1.    ]
 [-0.1968  0.     -2.    ]
 [-0.1968  0.8032 -1.    ]
 [-0.1968  0.8032 -2.    ]
 [-1.      0.     -0.    ]
 [-1.      0.     -1.    ]
 [-1.      0.     -1.1968]
 [-1.      0.     -2.    ]
 [-1.      0.8032 -1.    ]
 [-1.      0.8032 -1.1968]
 [-1.      0.8032 -2.    ]]



