Parsed points for model :
[[0.49739999999999995, 0.5025999999999999, 1.0], [1.0, 0.0, 0.0]]


Final points for :model :
[[-0.4974  0.     -1.    ]
 [-0.4974  0.     -2.    ]
 [-0.4974  0.5026 -1.    ]
 [-0.4974  0.5026 -2.    ]
 [-1.      0.     -0.    ]
 [-1.      0.     -1.    ]
 [-1.      0.     -2.    ]
 [-1.      0.5026 -1.    ]
 [-1.      0.5026 -2.    ]]



Parsed points for best :
[[0.4833, 0.5167, 1.0], [1.0, 0.0, 0.0]]


Final points for :best :
[[-0.4833  0.     -1.    ]
 [-0.4833  0.     -2.    ]
 [-0.4833  0.5167 -1.    ]
 [-0.4833  0.5167 -2.    ]
 [-1.      0.     -0.    ]
 [-1.      0.     -1.    ]
 [-1.      0.     -2.    ]
 [-1.      0.5167 -1.    ]
 [-1.      0.5167 -2.    ]]



Parsed points for worst :
[[0.5075999999999999, 0.4924, 1.0], [1.0, 0.0, 0.0]]


Final points for :worst :
[[-0.5076  0.     -1.    ]
 [-0.5076  0.     -2.    ]
 [-0.5076  0.4924 -1.    ]
 [-0.5076  0.4924 -2.    ]
 [-1.      0.     -0.    ]
 [-1.      0.     -1.    ]
 [-1.      0.     -2.    ]
 [-1.      0.4924 -1.    ]
 [-1.      0.4924 -2.    ]]



