Parsed points for model :
[[0.0729, 0.9271, 1.0], [1.0, 0.0, 0.0], [0.0145, 0.9271, 1.0729]]


Final points for :model :
[[-0.0145  0.     -1.0729]
 [-0.0145  0.     -2.    ]
 [-0.0145  0.9271 -1.0729]
 [-0.0145  0.9271 -2.    ]
 [-0.0729  0.     -1.    ]
 [-0.0729  0.     -2.    ]
 [-0.0729  0.9271 -1.    ]
 [-0.0729  0.9271 -2.    ]
 [-1.      0.     -0.    ]
 [-1.      0.     -1.    ]
 [-1.      0.     -1.0729]
 [-1.      0.     -2.    ]
 [-1.      0.9271 -1.    ]
 [-1.      0.9271 -1.0729]
 [-1.      0.9271 -2.    ]]



Parsed points for best :
[[0.0654, 0.9346, 1.0], [1.0, 0.0, 0.0], [0.0052, 0.9346, 1.0654]]


Final points for :best :
[[-0.0052  0.     -1.0654]
 [-0.0052  0.     -2.    ]
 [-0.0052  0.9346 -1.0654]
 [-0.0052  0.9346 -2.    ]
 [-0.0654  0.     -1.    ]
 [-0.0654  0.     -2.    ]
 [-0.0654  0.9346 -1.    ]
 [-0.0654  0.9346 -2.    ]
 [-1.      0.     -0.    ]
 [-1.      0.     -1.    ]
 [-1.      0.     -1.0654]
 [-1.      0.     -2.    ]
 [-1.      0.9346 -1.    ]
 [-1.      0.9346 -1.0654]
 [-1.      0.9346 -2.    ]]



Parsed points for worst :
[[0.08520000000000001, 0.9148000000000001, 1.0], [1.0, 0.0, 0.0]]


Final points for :worst :
[[-0.0852  0.     -1.    ]
 [-0.0852  0.     -2.    ]
 [-0.0852  0.9148 -1.    ]
 [-0.0852  0.9148 -2.    ]
 [-1.      0.     -0.    ]
 [-1.      0.     -1.    ]
 [-1.      0.     -2.    ]
 [-1.      0.9148 -1.    ]
 [-1.      0.9148 -2.    ]]



