Parsed points for model :
[[0.1216, 0.8784, 1.0], [1.0, 0.0, 0.0]]


Final points for :model :
[[-0.1216  0.     -1.    ]
 [-0.1216  0.     -2.    ]
 [-0.1216  0.8784 -1.    ]
 [-0.1216  0.8784 -2.    ]
 [-1.      0.     -0.    ]
 [-1.      0.     -1.    ]
 [-1.      0.     -2.    ]
 [-1.      0.8784 -1.    ]
 [-1.      0.8784 -2.    ]]



Parsed points for best :
[[0.1106, 0.8894, 1.0], [1.0, 0.0, 0.0]]


Final points for :best :
[[-0.1106  0.     -1.    ]
 [-0.1106  0.     -2.    ]
 [-0.1106  0.8894 -1.    ]
 [-0.1106  0.8894 -2.    ]
 [-1.      0.     -0.    ]
 [-1.      0.     -1.    ]
 [-1.      0.     -2.    ]
 [-1.      0.8894 -1.    ]
 [-1.      0.8894 -2.    ]]



Parsed points for worst :
[[0.13099999999999998, 0.869, 1.0], [1.0, 0.0, 0.0]]


Final points for :worst :
[[-0.131  0.    -1.   ]
 [-0.131  0.    -2.   ]
 [-0.131  0.869 -1.   ]
 [-0.131  0.869 -2.   ]
 [-1.     0.    -0.   ]
 [-1.     0.    -1.   ]
 [-1.     0.    -2.   ]
 [-1.     0.869 -1.   ]
 [-1.     0.869 -2.   ]]



