Parsed points for model :
[[0.12919999999999998, 0.8708, 1.0], [1.0, 0.0, 0.0]]


Final points for :model :
[[-0.1292  0.     -1.    ]
 [-0.1292  0.     -2.    ]
 [-0.1292  0.8708 -1.    ]
 [-0.1292  0.8708 -2.    ]
 [-1.      0.     -0.    ]
 [-1.      0.     -1.    ]
 [-1.      0.     -2.    ]
 [-1.      0.8708 -1.    ]
 [-1.      0.8708 -2.    ]]



Parsed points for best :
[[0.1171, 0.8829, 1.0], [1.0, 0.0, 0.0]]


Final points for :best :
[[-0.1171  0.     -1.    ]
 [-0.1171  0.     -2.    ]
 [-0.1171  0.8829 -1.    ]
 [-0.1171  0.8829 -2.    ]
 [-1.      0.     -0.    ]
 [-1.      0.     -1.    ]
 [-1.      0.     -2.    ]
 [-1.      0.8829 -1.    ]
 [-1.      0.8829 -2.    ]]



Parsed points for worst :
[[0.13849999999999998, 0.8615, 1.0], [1.0, 0.0, 0.0]]


Final points for :worst :
[[-0.1385  0.     -1.    ]
 [-0.1385  0.     -2.    ]
 [-0.1385  0.8615 -1.    ]
 [-0.1385  0.8615 -2.    ]
 [-1.      0.     -0.    ]
 [-1.      0.     -1.    ]
 [-1.      0.     -2.    ]
 [-1.      0.8615 -1.    ]
 [-1.      0.8615 -2.    ]]



