Parsed points for model :
[[0.328, 0.672, 1.0], [1.0, 0.0, 0.0]]


Final points for :model :
[[-0.328  0.    -1.   ]
 [-0.328  0.    -2.   ]
 [-0.328  0.672 -1.   ]
 [-0.328  0.672 -2.   ]
 [-1.     0.    -0.   ]
 [-1.     0.    -1.   ]
 [-1.     0.    -2.   ]
 [-1.     0.672 -1.   ]
 [-1.     0.672 -2.   ]]



Parsed points for best :
[[0.3205, 0.6795, 1.0], [1.0, 0.0, 0.0]]


Final points for :best :
[[-0.3205  0.     -1.    ]
 [-0.3205  0.     -2.    ]
 [-0.3205  0.6795 -1.    ]
 [-0.3205  0.6795 -2.    ]
 [-1.      0.     -0.    ]
 [-1.      0.     -1.    ]
 [-1.      0.     -2.    ]
 [-1.      0.6795 -1.    ]
 [-1.      0.6795 -2.    ]]



Parsed points for worst :
[[0.3408, 0.6592, 1.0], [1.0, 0.0, 0.0]]


Final points for :worst :
[[-0.3408  0.     -1.    ]
 [-0.3408  0.     -2.    ]
 [-0.3408  0.6592 -1.    ]
 [-0.3408  0.6592 -2.    ]
 [-1.      0.     -0.    ]
 [-1.      0.     -1.    ]
 [-1.      0.     -2.    ]
 [-1.      0.6592 -1.    ]
 [-1.      0.6592 -2.    ]]



